y <- list(a=list(10,12,14),b=c(3.14,2.92))
y[[c(1,3)]]
y[[2]] [[1]]
