x<-c(1,2,3)
x[1]
x[2]
x[3]
x[4]
x[5]
